0
0
0
0
0
0
0
0
0
0
0
0
0
0
0
0
0
0
0
0
1.34111666666667
2.63752944444444
3.84453444444444
5.14094722222222
6.39265611111111
7.55495722222222
7.73377277777778
8.09140388888889
9.253705
9.70074388888889
10.0136711111111
10.058375
9.87955944444444
9.61133611111111
9.34311277777778
9.11959333333333
8.85137
7.59966111111111
6.66087944444444
6.66087944444444
6.79499111111111
6.92910277777778
7.15262222222222
7.644365
8.53844277777778
9.43252055555556
10.1477827777778
10.2371905555556
10.1477827777778
10.1030788888889
9.52192833333333
8.49373888888889
7.644365
7.06321444444444
7.06321444444444
7.91258833333333
8.85137
9.65604
10.3713022222222
10.8183411111111
10.9971566666667
11.1312683333333
11.1759722222222
10.9971566666667
10.9524527777778
11.0418605555556
11.0865644444444
11.0418605555556
10.9971566666667
10.9971566666667
11.2206761111111
11.4441955555556
11.4888994444444
11.3547877777778
11.1312683333333
11.1759722222222
11.3547877777778
11.6230111111111
11.6230111111111
11.4888994444444
11.667715
11.9359383333333
12.2935694444444
12.7853122222222
13.0982394444444
13.3217588888889
13.4558705555556
13.5899822222222
13.7240938888889
13.7240938888889
13.6346861111111
13.5899822222222
13.5452783333333
13.5899822222222
13.7687977777778
13.5899822222222
13.3664627777778
13.1876472222222
13.3217588888889
13.5452783333333
13.7240938888889
13.8135016666667
13.8582055555556
13.8135016666667
13.5899822222222
13.3217588888889
13.3664627777778
13.5005744444444
13.7240938888889
13.9476133333333
14.2158366666667
14.3946522222222
14.48406
14.3946522222222
14.1711327777778
12.7853122222222
11.3100838888889
9.83485555555555
8.35962722222222
6.88439888888889
5.40917055555555
3.93394222222222
2.45871388888889
0.983485555555556
0
0
0
0
0
0
0
0
0
0
0
0
0
0
0
0
0
0
0
0
0
0
0
0
0
0
0
0
0
0
0
0
0
0
0
0
0
0
0
1.47522833333333
2.95045666666667
4.425685
5.90091333333333
7.37614166666667
8.85137
9.92426333333333
10.863045
11.5336033333333
11.8018266666667
11.4888994444444
11.2206761111111
11.0418605555556
11.1759722222222
11.26538
11.3547877777778
11.5336033333333
12.1594577777778
11.8465305555556
10.7289333333333
10.1477827777778
8.67255444444444
7.91258833333333
7.68906888888889
8.09140388888889
8.31492333333333
8.94077777777778
9.92426333333333
10.9524527777778
12.2041616666667
13.6346861111111
14.9758027777778
16.1828077777778
16.6745505555556
17.5686283333333
18.105075
18.8203372222222
19.4461916666667
20.1614538888889
20.5637888888889
20.92142
21.2343472222222
21.2343472222222
21.1449394444444
21.1002355555556
21.0108277777778
21.0108277777778
21.0108277777778
21.0108277777778
21.0108277777778
21.1002355555556
21.1896433333333
21.4131627777778
21.6813861111111
21.9496094444444
22.128425
22.3519444444444
22.6201677777778
22.7989833333333
23.0225027777778
23.33543
23.7824688888889
24.1848038888889
24.4083233333333
24.542435
24.5871388888889
24.542435
24.4083233333333
24.4083233333333
24.4977311111111
24.6318427777778
24.8106583333333
24.9000661111111
25.0788816666667
25.1682894444444
25.3024011111111
25.347105
25.347105
25.2576972222222
25.2576972222222
25.2576972222222
25.2576972222222
25.2576972222222
25.2576972222222
25.2129933333333
25.0788816666667
24.94477
24.6318427777778
24.4083233333333
24.2295077777778
24.1401
24.0059883333333
23.9612844444444
24.0953961111111
24.1401
24.1848038888889
24.1848038888889
24.0506922222222
23.8718766666667
23.6930611111111
23.5142455555556
23.2907261111111
23.4248377777778
23.2460222222222
23.2013183333333
23.1119105555556
23.0225027777778
23.0672066666667
23.1566144444444
23.2907261111111
23.4695416666667
23.6930611111111
23.9165805555556
24.1401
24.542435
24.7659544444444
24.8553622222222
25.0341777777778
25.0341777777778
24.94477
24.6765466666667
24.3636194444444
23.9612844444444
23.4695416666667
23.0225027777778
23.0225027777778
23.0225027777778
22.8436872222222
22.3966483333333
22.3519444444444
22.3966483333333
22.3519444444444
22.1731288888889
22.128425
22.128425
22.128425
21.9496094444444
21.72609
21.5025705555556
21.1002355555556
20.6084927777778
20.11675
19.5803033333333
19.0438566666667
18.5521138888889
18.0156672222222
17.2109972222222
16.5404388888889
15.7357688888889
15.1099144444444
14.5287638888889
14.081725
13.67939
13.6346861111111
13.4111666666667
12.9641277777778
12.2935694444444
11.0865644444444
9.61133611111111
8.98548166666667
8.53844277777778
8.27021944444444
7.59966111111111
6.92910277777778
5.58798611111111
4.82802
3.57631111111111
2.10108277777778
0.625854444444444
0
0
0
0
0
0
0
0
0
0
0
0
0
0
0.447038888888889
1.92226722222222
3.39749555555556
4.87272388888889
6.34795222222222
7.73377277777778
8.94077777777778
10.058375
10.5948216666667
11.26538
11.8912344444444
12.5617927777778
13.4111666666667
13.7687977777778
14.1264288888889
14.3499483333333
14.6628755555556
15.0205066666667
15.4228416666667
15.4675455555556
15.6016572222222
15.5569533333333
15.4228416666667
15.5122494444444
15.8698805555556
16.0934
16.0934
16.0934
16.0934
16.0934
16.0934
16.1381038888889
16.2722155555556
16.3169194444444
16.2722155555556
16.0934
15.691065
15.2440261111111
14.9758027777778
14.0370211111111
12.9641277777778
11.4888994444444
10.2818944444444
9.07488944444444
7.82318055555556
6.48206388888889
5.36446666666667
3.88923833333333
2.41401
0.938781666666667
0
0
0
0
0
0
1.16230111111111
2.63752944444444
4.11275777777778
5.58798611111111
7.06321444444444
8.53844277777778
10.0136711111111
11.1759722222222
11.4441955555556
12.2935694444444
12.9641277777778
13.4111666666667
13.4558705555556
13.4111666666667
13.277055
13.0982394444444
12.87472
12.5170888888889
11.1759722222222
9.70074388888889
8.22551555555556
6.75028722222222
5.27505888888889
3.79983055555556
2.32460222222222
0.849373888888889
0
0
0
0
0
0
0
0
0
0
0
0
0
0
0
0
0
0
0
1.47522833333333
2.95045666666667
4.425685
5.90091333333333
7.37614166666667
8.85137
10.3265983333333
11.8018266666667
12.4276811111111
13.0088316666667
14.081725
14.7522833333333
15.0205066666667
15.5569533333333
15.691065
15.9145844444444
16.1381038888889
16.0934
16.1381038888889
16.1828077777778
16.0934
15.9592883333333
16.0934
16.0934
15.9145844444444
15.8698805555556
15.8251766666667
15.7357688888889
15.7357688888889
15.7357688888889
15.7357688888889
15.7357688888889
15.7357688888889
15.6463611111111
15.691065
15.7357688888889
15.8698805555556
15.7357688888889
15.6463611111111
15.6463611111111
15.6463611111111
15.5569533333333
15.4675455555556
15.4228416666667
14.9758027777778
14.3052444444444
13.4558705555556
12.5170888888889
11.3994916666667
10.058375
8.85137
7.37614166666667
5.90091333333333
4.60450055555556
3.21868
1.78815555555556
0.447038888888889
0
0
0
0
0
0
0.536446666666667
1.56463611111111
2.45871388888889
2.90575277777778
3.79983055555556
4.29157333333333
4.69390833333333
5.31976277777778
6.25854444444444
7.15262222222222
7.91258833333333
8.49373888888889
8.98548166666667
9.38781666666667
9.83485555555555
10.2818944444444
10.6395255555556
10.9524527777778
11.1312683333333
11.1759722222222
11.1759722222222
11.1759722222222
11.1759722222222
11.1759722222222
11.1759722222222
11.4441955555556
11.5336033333333
11.6230111111111
11.4441955555556
11.26538
11.1759722222222
11.1759722222222
11.1759722222222
10.9077488888889
10.3265983333333
8.85137
7.37614166666667
5.90091333333333
4.425685
2.95045666666667
1.47522833333333
0
0
0
0
0
0
0
0
0
0
0
0
0
0
0
0
0
1.47522833333333
2.95045666666667
4.425685
5.81150555555556
6.52676777777778
7.15262222222222
7.59966111111111
7.59966111111111
7.59966111111111
7.82318055555556
7.91258833333333
7.91258833333333
7.82318055555556
7.59966111111111
7.55495722222222
7.42084555555556
7.59966111111111
7.644365
7.59966111111111
7.42084555555556
7.37614166666667
7.37614166666667
7.42084555555556
7.59966111111111
7.86788444444444
8.27021944444444
8.58314666666667
9.03018555555555
9.38781666666667
9.43252055555556
9.47722444444444
9.65604
9.83485555555555
10.0136711111111
10.058375
10.058375
10.058375
10.1477827777778
10.5948216666667
11.2206761111111
11.6230111111111
11.8465305555556
12.07005
11.667715
10.1924866666667
8.71725833333333
7.24203
5.76680166666667
4.29157333333333
2.816345
1.34111666666667
0
0
0
0
0
0
0
0
0
0
0
0
0
0
0
0
0
0
0
0
0
0
0
0
0
0
0.894077777777778
2.011675
3.48690333333333
4.55979666666667
5.58798611111111
6.25854444444444
6.839695
7.82318055555556
8.76196222222222
9.38781666666667
9.92426333333333
10.4160061111111
10.9524527777778
11.3100838888889
11.4441955555556
11.6230111111111
11.667715
11.7124188888889
11.7124188888889
11.8018266666667
11.8465305555556
11.8465305555556
11.6230111111111
11.3994916666667
10.5501177777778
9.56663222222222
8.27021944444444
7.33143777777778
6.48206388888889
5.18565111111111
3.88923833333333
2.59282555555556
1.56463611111111
0.894077777777778
0
0
0
0
0
0
0
0
0
0
0
0
0
0
0.625854444444444
1.47522833333333
1.96697111111111
2.90575277777778
4.11275777777778
5.05153944444444
6.035025
6.52676777777778
7.33143777777778
7.46554944444444
7.37614166666667
7.37614166666667
8.13610777777778
8.58314666666667
8.98548166666667
9.61133611111111
10.058375
10.058375
9.87955944444444
10.1477827777778
10.4160061111111
10.5054138888889
10.058375
9.65604
9.16429722222222
8.0467
6.70558333333333
5.36446666666667
4.02335
2.77164111111111
2.011675
1.34111666666667
0.938781666666667
0.223519444444444
0.223519444444444
1.43052444444444
2.90575277777778
4.29157333333333
5.58798611111111
6.25854444444444
7.15262222222222
8.0467
8.76196222222222
9.61133611111111
10.3265983333333
10.9524527777778
11.3994916666667
11.8465305555556
12.1147538888889
12.3382733333333
12.472385
12.6512005555556
12.7853122222222
12.7853122222222
12.6512005555556
12.6064966666667
12.5170888888889
12.2935694444444
11.9806422222222
11.3994916666667
10.5054138888889
9.61133611111111
8.49373888888889
7.37614166666667
6.66087944444444
5.58798611111111
4.20216555555556
2.77164111111111
1.34111666666667
0.670558333333333
0.670558333333333
0.223519444444444
0
1.34111666666667
2.816345
4.29157333333333
5.76680166666667
7.06321444444444
7.82318055555556
8.22551555555556
8.71725833333333
9.253705
9.83485555555555
10.3713022222222
11.1759722222222
11.8465305555556
12.2935694444444
12.5170888888889
12.6512005555556
12.9194238888889
12.9194238888889
12.9194238888889
12.87472
12.7406083333333
12.6512005555556
12.6512005555556
12.6512005555556
12.6064966666667
12.3382733333333
12.2935694444444
12.2935694444444
12.2935694444444
12.2935694444444
12.2935694444444
12.2935694444444
12.3382733333333
12.5170888888889
12.7406083333333
13.4111666666667
13.8582055555556
14.3052444444444
14.7522833333333
14.7522833333333
15.0205066666667
15.1993222222222
15.3334338888889
15.28873
15.1993222222222
15.1993222222222
15.1546183333333
15.0205066666667
14.7969872222222
14.7522833333333
14.5287638888889
14.3052444444444
14.2605405555556
14.1264288888889
14.081725
13.67939
13.4111666666667
13.3664627777778
13.3664627777778
13.3664627777778
13.3664627777778
13.2323511111111
13.1876472222222
13.1876472222222
13.0982394444444
12.9194238888889
12.6064966666667
12.3829772222222
12.07005
11.3994916666667
10.5948216666667
9.83485555555555
9.16429722222222
8.58314666666667
8.58314666666667
8.98548166666667
9.34311277777778
9.56663222222222
9.83485555555555
10.1030788888889
10.3713022222222
10.7289333333333
11.1759722222222
11.6230111111111
11.8912344444444
11.8912344444444
11.9806422222222
12.07005
12.1594577777778
12.4276811111111
12.5617927777778
12.87472
12.9194238888889
12.9641277777778
13.0088316666667
12.9641277777778
12.5617927777778
12.2935694444444
12.07005
11.5336033333333
11.1759722222222
10.9524527777778
11.0865644444444
11.2206761111111
11.3994916666667
11.4888994444444
11.7124188888889
12.0253461111111
12.2935694444444
12.4276811111111
12.6959044444444
12.9641277777778
13.0535355555556
13.0088316666667
12.9641277777778
12.9194238888889
12.7406083333333
12.5617927777778
12.5170888888889
12.5170888888889
12.3382733333333
12.1594577777778
11.8912344444444
12.07005
12.2935694444444
12.4276811111111
12.5170888888889
12.4276811111111
12.5170888888889
12.5170888888889
12.5170888888889
12.3829772222222
12.2488655555556
12.0253461111111
11.8912344444444
11.8465305555556
11.8465305555556
11.8465305555556
11.7571227777778
11.7124188888889
11.7124188888889
11.5783072222222
11.4441955555556
11.4441955555556
11.5783072222222
11.5336033333333
11.3994916666667
10.9971566666667
10.5054138888889
9.92426333333333
9.65604
9.65604
9.70074388888889
10.1030788888889
10.46071
10.7289333333333
10.8183411111111
10.9077488888889
11.1312683333333
11.2206761111111
11.26538
11.3100838888889
11.3994916666667
11.26538
11.1759722222222
11.1759722222222
11.1759722222222
11.0418605555556
10.9524527777778
10.863045
10.863045
10.9524527777778
11.1759722222222
11.1759722222222
10.9971566666667
10.9971566666667
10.7736372222222
10.9524527777778
11.2206761111111
11.4441955555556
11.2206761111111
10.7289333333333
9.83485555555555
8.98548166666667
7.55495722222222
6.07972888888889
4.60450055555556
3.12927222222222
1.65404388888889
0.178815555555556
0
0
0
0.894077777777778
2.36930611111111
3.84453444444444
5.31976277777778
6.79499111111111
7.82318055555556
8.31492333333333
8.94077777777778
9.43252055555556
9.83485555555555
10.2818944444444
10.9524527777778
11.7571227777778
12.2935694444444
12.5617927777778
12.6959044444444
12.7406083333333
12.7406083333333
12.7406083333333
12.3829772222222
12.2935694444444
12.1594577777778
11.9806422222222
11.8465305555556
11.6230111111111
11.4888994444444
11.26538
10.7289333333333
9.83485555555555
9.61133611111111
9.61133611111111
9.74544777777778
10.058375
10.2818944444444
10.1924866666667
10.1924866666667
10.2818944444444
10.1477827777778
10.1477827777778
10.1477827777778
10.5054138888889
10.7289333333333
10.9971566666667
11.0865644444444
11.2206761111111
11.3994916666667
11.4441955555556
11.3994916666667
11.1759722222222
10.7736372222222
10.5948216666667
10.3713022222222
10.2371905555556
10.058375
9.83485555555555
9.65604
9.16429722222222
7.82318055555556
6.34795222222222
4.87272388888889
3.39749555555556
1.92226722222222
0.447038888888889
0
0
0
0
0
0
0
0
0
0
0
0
0
0
0
0
0
0
0
0
0
0
0
0
0
0
0
0
0
0
0.536446666666667
1.78815555555556
3.26338388888889
4.73861222222222
6.21384055555556
7.59966111111111
8.27021944444444
8.94077777777778
9.74544777777778
10.2818944444444
10.7289333333333
11.0865644444444
11.4441955555556
11.8465305555556
11.9806422222222
12.2488655555556
12.472385
12.6512005555556
12.5170888888889
12.2935694444444
12.07005
12.07005
11.7571227777778
10.9524527777778
10.058375
9.61133611111111
9.20900111111111
8.0467
6.70558333333333
5.49857833333333
4.96213166666667
4.73861222222222
4.47038888888889
4.24686944444444
4.06805388888889
3.88923833333333
3.84453444444444
3.93394222222222
4.02335
3.88923833333333
3.84453444444444
3.57631111111111
3.12927222222222
2.23519444444444
1.87756333333333
1.16230111111111
0.447038888888889
0
0.0447038888888889
0.268223333333333
0.715262222222222
1.60934
3.08456833333333
4.47038888888889
5.72209777777778
6.25854444444444
6.48206388888889
7.15262222222222
8.09140388888889
8.94077777777778
9.38781666666667
9.47722444444444
9.52192833333333
9.56663222222222
9.70074388888889
10.058375
10.2818944444444
10.6395255555556
10.9524527777778
11.1759722222222
11.1312683333333
11.0865644444444
11.1759722222222
11.3547877777778
11.5336033333333
11.6230111111111
11.8018266666667
11.8912344444444
12.0253461111111
12.07005
12.07005
12.07005
12.0253461111111
11.9806422222222
11.9806422222222
11.8465305555556
11.8018266666667
11.6230111111111
11.3994916666667
10.9971566666667
10.5054138888889
9.61133611111111
8.94077777777778
7.82318055555556
7.15262222222222
6.25854444444444
4.78331611111111
3.30808777777778
1.83285944444444
0.357631111111111
0
0
0
0
0
0
0
0
0
0
0
0
0
0
0
0
0.938781666666667
2.41401
3.88923833333333
5.36446666666667
6.839695
8.31492333333333
9.43252055555556
10.2818944444444
10.5054138888889
10.2818944444444
10.058375
8.94077777777778
7.46554944444444
5.99032111111111
4.51509277777778
3.03986444444444
1.56463611111111
0.0894077777777778
0
0
0
0
0
0
0
0
0
0
0.0894077777777778
0.670558333333333
1.56463611111111
2.90575277777778
4.38098111111111
5.36446666666667
5.76680166666667
5.81150555555556
5.63269
5.72209777777778
5.85620944444444
5.85620944444444
6.25854444444444
6.92910277777778
7.59966111111111
8.31492333333333
8.80666611111111
9.38781666666667
9.61133611111111
9.74544777777778
9.74544777777778
9.61133611111111
9.47722444444444
9.61133611111111
9.74544777777778
9.83485555555555
9.79015166666667
9.70074388888889
9.61133611111111
9.61133611111111
9.56663222222222
8.98548166666667
8.71725833333333
8.58314666666667
8.76196222222222
8.85137
8.94077777777778
8.71725833333333
7.82318055555556
6.92910277777778
5.81150555555556
4.47038888888889
3.57631111111111
2.68223333333333
1.78815555555556
1.11759722222222
0.312927222222222
0
0
0
0
0
0
0
0
0.447038888888889
0.447038888888889
0.447038888888889
0.447038888888889
0.447038888888889
0.715262222222222
1.34111666666667
1.78815555555556
2.23519444444444
2.816345
3.57631111111111
4.47038888888889
4.69390833333333
4.24686944444444
3.79983055555556
3.39749555555556
3.93394222222222
4.91742777777778
6.25854444444444
7.59966111111111
8.71725833333333
9.38781666666667
9.74544777777778
9.92426333333333
10.2818944444444
10.5501177777778
10.7736372222222
10.9524527777778
10.9524527777778
10.7289333333333
10.5054138888889
10.5054138888889
10.5054138888889
10.5054138888889
10.5054138888889
10.5054138888889
10.7289333333333
10.7736372222222
10.9524527777778
11.0418605555556
11.1759722222222
11.3547877777778
11.4441955555556
11.4888994444444
11.6230111111111
11.7124188888889
12.07005
12.4276811111111
12.6512005555556
12.9641277777778
13.0088316666667
12.9641277777778
12.5170888888889
11.0418605555556
9.56663222222222
8.09140388888889
6.61617555555556
5.14094722222222
3.66571888888889
2.19049055555556
0.715262222222222
0
0
0
0
0
0
0
0
0
0
0
0
0
0
0
0
0
0
0
0
0
0
0
0
0
0.670558333333333
2.14578666666667
3.621015
5.09624333333333
5.90091333333333
6.75028722222222
7.51025333333333
8.18081166666667
8.71725833333333
9.07488944444444
9.52192833333333
9.79015166666667
9.87955944444444
10.0136711111111
9.83485555555555
9.65604
9.43252055555556
9.16429722222222
8.94077777777778
8.76196222222222
8.27021944444444
7.82318055555556
7.37614166666667
6.92910277777778
6.25854444444444
4.91742777777778
3.57631111111111
2.32460222222222
1.11759722222222
0
0
0
0
0
0
0
0
0
0
0
0
0
0.666666666666667
0.805555555555555
1.47222222222222
3.19444444444444
4.66666666666667
5.47222222222222
5.86111111111111
6.80555555555556
7.47222222222222
7.86111111111111
7.86111111111111
7.75
7.75
8.27777777777778
8.66666666666667
8.94444444444444
9.08333333333333
9.19444444444444
10
11.1944444444444
11.3333333333333
11.1944444444444
10.5277777777778
10.1388888888889
9.47222222222222
8.52777777777778
6.80555555555556
4.38888888888889
2.38888888888889
1.19444444444444
0.388888888888889
0.138888888888889
0
0
0
0
0
0.138888888888889
1.61111111111111
3.47222222222222
5.08333333333333
5.86111111111111
6.94444444444444
8.13888888888889
9.86111111111111
11.3333333333333
12.4166666666667
12.6666666666667
12.8055555555556
13.3333333333333
13.3333333333333
13.1944444444444
13.75
13.8888888888889
14.4166666666667
14.8055555555556
15.2222222222222
16
15.6111111111111
15.3333333333333
14.9444444444444
14.6666666666667
14.1388888888889
13.4722222222222
11.75
10
8.80555555555556
8.27777777777778
8.94444444444444
9.86111111111111
10.8055555555556
12
12.8055555555556
13.6111111111111
14
14
13.6111111111111
12.9444444444444
12.8055555555556
12.8055555555556
13
13
12.8055555555556
12.8055555555556
12.3888888888889
12.1944444444444
12.8055555555556
13.1944444444444
13.8055555555556
14.6111111111111
15
15
14.3888888888889
13.1944444444444
12.3888888888889
11.6111111111111
11
10.6111111111111
10.1944444444444
10.6111111111111
10.8055555555556
11.1944444444444
11.6111111111111
11.1944444444444
11.1944444444444
12
12.8055555555556
14
15.1944444444444
16.3888888888889
17.3888888888889
18.3888888888889
19.1944444444444
20.3888888888889
21.3888888888889
22
22
22.3888888888889
22.1944444444444
22
21.6111111111111
21.6111111111111
21.3888888888889
21.8055555555556
22
22.6111111111111
22.8055555555556
23.1944444444444
23.3888888888889
23.3888888888889
22.6111111111111
22.1944444444444
21.8055555555556
21.6111111111111
22.1944444444444
22.6111111111111
23.1944444444444
24
24.3888888888889
25
25.6111111111111
26.1944444444444
26.6111111111111
27.1944444444444
27.6111111111111
28.1944444444444
28.6111111111111
28.6111111111111
28.1944444444444
27
26.1944444444444
25.8055555555556
25.3888888888889
25.6111111111111
26
26.3888888888889
26.8055555555556
27.1944444444444
27.1944444444444
27.3888888888889
28
28
28.3888888888889
28.3888888888889
28.6111111111111
28.8055555555556
29.1111111111111
29.1111111111111
29.1111111111111
29.1111111111111
29.1111111111111
29.3888888888889
29.7777777777778
29.9166666666667
30.1944444444444
30.3333333333333
30.6111111111111
30.6111111111111
30.75
30.6111111111111
30.6111111111111
30.6111111111111
30.6111111111111
30.75
30.75
30.75
30.8888888888889
30.8888888888889
30.8888888888889
31.0277777777778
31.1666666666667
31.4444444444444
31.4444444444444
31.7222222222222
31.7222222222222
31.8611111111111
31.9722222222222
31.8611111111111
31.8611111111111
31.8611111111111
31.7222222222222
31.7222222222222
31.5833333333333
31.5833333333333
31.4444444444444
31.3055555555556
31.3055555555556
31.1666666666667
31.3055555555556
31.0277777777778
31.0277777777778
31.0277777777778
30.75
30.6111111111111
30.4722222222222
30.3333333333333
30.1944444444444
30.0555555555556
29.9166666666667
29.7777777777778
29.7777777777778
29.6388888888889
29.6388888888889
29.6388888888889
29.5277777777778
29.5277777777778
29.5277777777778
29.5277777777778
29.9166666666667
30.3333333333333
31.0277777777778
31.4444444444444
32.1111111111111
32.6666666666667
33.3611111111111
33.9166666666667
34.3055555555556
34.5833333333333
34.8611111111111
35
35.2777777777778
35.2777777777778
35.5555555555556
35.5555555555556
35.5555555555556
35.5555555555556
35.5555555555556
35.6944444444444
35.6944444444444
35.6944444444444
35.6944444444444
35.6944444444444
35.6944444444444
35
34.1944444444444
33.6388888888889
33.5
33.3611111111111
33.2222222222222
33.2222222222222
33.2222222222222
33.2222222222222
33.2222222222222
33.2222222222222
33.3611111111111
33.2222222222222
33.5
33.3611111111111
33.5
33.3611111111111
33.2222222222222
33.3611111111111
33.6388888888889
33.9166666666667
34.1944444444444
34.4722222222222
34.75
35.0277777777778
35.3055555555556
35.5833333333333
35.5833333333333
35.8611111111111
36.1388888888889
36.1388888888889
36.2777777777778
36.4166666666667
36.4166666666667
36.4166666666667
36.4166666666667
36.2777777777778
36.2777777777778
36.1388888888889
36.1388888888889
36
36
35.8611111111111
35.7222222222222
35.8611111111111
35.5833333333333
35.5833333333333
35.4444444444444
35.3055555555556
35.3055555555556
35.1666666666667
35.0277777777778
34.8888888888889
34.75
34.75
34.4722222222222
34.3333333333333
34.3333333333333
34.1944444444444
34.0555555555556
34.1944444444444
34.3333333333333
34.3333333333333
34.4722222222222
34.4722222222222
34.4722222222222
34.6111111111111
34.6111111111111
34.6111111111111
34.75
34.6111111111111
34.75
34.6111111111111
34.75
34.75
34.75
34.6111111111111
34.3333333333333
34.1944444444444
33.7777777777778
33.3611111111111
33.5
33.5
33.6388888888889
33.6388888888889
33.7777777777778
33.6388888888889
33.6388888888889
33.7777777777778
34.0555555555556
34.0555555555556
34.3333333333333
34.4722222222222
34.6111111111111
34.75
34.75
34.8888888888889
34.8888888888889
34.8888888888889
35.1944444444444
35
35
35.1944444444444
35
35.3888888888889
35.1944444444444
35.1944444444444
35.3888888888889
35.1944444444444
35.3888888888889
35.1944444444444
35.1944444444444
35.3888888888889
35.1944444444444
35.1944444444444
35.1944444444444
35.1944444444444
35.1944444444444
35.1944444444444
35
35
35.1944444444444
34.8055555555556
35
34.8055555555556
35
34.8055555555556
34.8055555555556
35
34.8055555555556
35
35
35
35.1944444444444
35
35.1944444444444
35.1944444444444
35.1944444444444
35.3888888888889
35.3888888888889
35.6111111111111
35.6111111111111
35.6111111111111
35.8055555555556
35.8055555555556
35.8055555555556
35.8055555555556
35.8055555555556
35.8055555555556
35.8055555555556
35.8055555555556
36
36
35.8055555555556
36
36
36
36
36
36
36
36
36
36.1944444444444
36.1944444444444
36.1944444444444
36.1944444444444
36.3888888888889
36.3888888888889
36.3888888888889
36.6111111111111
36.3888888888889
36.6111111111111
36.3888888888889
36.3888888888889
36
35.8055555555556
35.3888888888889
35.3888888888889
35.1944444444444
35
35
34.8055555555556
34.8055555555556
34.8055555555556
34.6111111111111
34.6111111111111
34.6111111111111
34.6111111111111
34.6111111111111
34.7222222222222
34.7222222222222
34.9444444444444
34.9444444444444
35.3611111111111
35.5555555555556
35.5555555555556
35.3611111111111
35.1388888888889
34.9444444444444
34.7222222222222
34.7222222222222
34.5277777777778
34.1111111111111
33.6666666666667
33.6666666666667
33.8888888888889
33.8888888888889
33.8888888888889
33.6666666666667
33.0555555555556
32.6388888888889
32.4166666666667
32
31.3888888888889
30.5555555555556
28.8611111111111
26.5555555555556
24.4722222222222
23.4166666666667
23.2222222222222
23.6388888888889
24.4722222222222
25.3055555555556
25.5277777777778
25.9444444444444
26.3611111111111
25.9444444444444
26.1388888888889
26.3611111111111
25.9444444444444
26.1388888888889
26.3611111111111
26.9722222222222
27.4166666666667
27.8333333333333
28.0277777777778
28.0277777777778
28.4444444444444
28.6666666666667
29.2777777777778
29.5
29.9166666666667
30.1111111111111
30.3333333333333
30.1111111111111
30.3333333333333
30.5555555555556
30.3333333333333
30.75
30.5555555555556
30.5555555555556
30.9722222222222
30.75
30.1111111111111
30.5555555555556
30.75
31.1666666666667
31.8055555555556
31.8055555555556
31.3888888888889
30.75
30.1111111111111
29.5
29.6944444444444
30.1111111111111
30.3333333333333
30.75
30.75
31.1666666666667
30.9722222222222
31.3888888888889
31.5833333333333
31.8055555555556
32
32
31.5833333333333
31.1666666666667
30.3333333333333
29.6944444444444
29.0833333333333
29.0833333333333
29.9166666666667
30.5555555555556
30.9722222222222
31.3888888888889
31.8055555555556
32
32.4166666666667
32.6388888888889
32.8333333333333
33.0555555555556
33.25
33.25
32.8333333333333
32.4166666666667
32.2222222222222
32.2222222222222
32
31.1666666666667
30.9722222222222
30.75
30.75
30.9722222222222
30.9722222222222
30.9722222222222
30.9722222222222
30.9722222222222
30.75
30.75
30.9722222222222
31.3888888888889
31.3888888888889
31.3888888888889
31.1666666666667
30.9722222222222
30.5555555555556
29.6944444444444
29.0833333333333
28.8611111111111
28.6666666666667
28.25
27.6111111111111
26.7777777777778
25.3055555555556
23.2222222222222
19.8611111111111
17.3611111111111
15.6944444444444
14.6388888888889
14.0277777777778
12.75
12.3333333333333
11.9166666666667
12.3333333333333
12.9722222222222
14.2222222222222
15.0555555555556
16.1111111111111
17.3611111111111
18.6111111111111
19.4444444444444
20.7222222222222
21.5555555555556
22.8055555555556
23.6388888888889
24.4722222222222
25.5277777777778
26.3611111111111
26.9722222222222
27.8333333333333
28.25
28.8611111111111
28.8611111111111
29.2777777777778
29.5
29.9166666666667
29.6944444444444
29.0833333333333
28.4444444444444
27.6111111111111
27.3055555555556
27.3055555555556
27.3055555555556
27.5833333333333
27.5833333333333
27.8611111111111
28
28.1388888888889
28.1388888888889
28.2777777777778
28.2777777777778
28.5555555555556
28.5555555555556
28.6944444444444
28.8333333333333
28.9722222222222
28.9722222222222
29.25
29.25
29.25
29.3888888888889
29.5277777777778
29.5277777777778
29.5277777777778
29.6388888888889
29.6388888888889
29.6388888888889
29.7777777777778
29.6388888888889
29.6388888888889
29.7777777777778
29.6388888888889
29.7777777777778
29.6388888888889
29.5277777777778
29.6388888888889
29.5277777777778
29.6388888888889
29.5277777777778
29.5277777777778
29.6388888888889
29.5277777777778
29.5277777777778
29.5277777777778
29.6388888888889
29.5277777777778
29.5277777777778
29.7777777777778
29.6388888888889
29.9166666666667
29.9166666666667
30.0555555555556
30.1944444444444
30.4722222222222
30.6111111111111
30.8888888888889
31.0277777777778
31.4444444444444
31.7222222222222
31.9722222222222
32.3888888888889
32.6666666666667
32.8055555555556
33.2222222222222
33.3611111111111
33.6388888888889
33.7777777777778
33.9166666666667
34.1944444444444
34.1944444444444
34.4444444444444
34.4444444444444
34.5833333333333
34.5833333333333
34.5833333333333
34.5833333333333
34.7222222222222
34.5833333333333
34.5833333333333
34.5833333333333
34.5833333333333
34.4444444444444
34.3055555555556
34.1944444444444
34.0555555555556
33.9166666666667
33.9166666666667
33.6388888888889
33.6388888888889
33.6388888888889
33.6388888888889
33.6388888888889
33.7222222222222
33.7222222222222
33.8611111111111
34.1388888888889
34.1388888888889
34.5555555555556
34.8333333333333
34.9722222222222
35.25
35.5277777777778
35.6666666666667
35.9444444444444
36.2222222222222
36.5
36.7777777777778
37.0833333333333
37.3611111111111
37.6388888888889
37.9166666666667
37.9166666666667
37.9166666666667
38.1944444444444
38.3333333333333
38.3333333333333
38.4722222222222
38.8888888888889
39.0277777777778
39.3055555555556
39.7222222222222
39.8611111111111
40.2777777777778
40.4166666666667
40.6944444444444
40.9722222222222
40.8333333333333
41.1111111111111
41.1111111111111
40.9722222222222
40.9722222222222
40.8333333333333
40.5555555555556
40.5555555555556
40.2777777777778
40.1388888888889
40.1388888888889
39.8611111111111
39.8611111111111
39.7222222222222
39.7222222222222
39.5833333333333
39.4444444444444
39.4444444444444
39.4444444444444
39.3055555555556
39.1666666666667
39.1666666666667
39.0277777777778
39.0277777777778
39.0277777777778
39.0277777777778
38.8888888888889
38.8888888888889
39.0277777777778
38.8888888888889
38.8888888888889
38.8888888888889
39.0277777777778
39.0277777777778
39.0277777777778
39.0277777777778
39.1666666666667
39.1666666666667
39.1666666666667
39.0277777777778
39.3055555555556
39.1666666666667
39.1666666666667
39.1666666666667
39.3055555555556
39.1666666666667
39.3055555555556
39.3055555555556
39.1666666666667
39.3055555555556
39.1666666666667
39.3055555555556
39.1666666666667
39.1666666666667
39.0277777777778
39.0277777777778
39.0277777777778
39.0277777777778
39.0277777777778
39.0833333333333
39.0833333333333
39.25
39.25
39.25
39.4444444444444
39.6388888888889
39.4444444444444
39.6388888888889
39.8333333333333
39.8333333333333
39.8333333333333
40.0277777777778
40.2222222222222
40.0277777777778
40.0277777777778
40.2222222222222
39.8333333333333
39.8333333333333
39.6388888888889
39.6388888888889
39.6388888888889
39.6388888888889
39.25
38.5
38.1111111111111
38.1111111111111
37.3333333333333
37.1388888888889
36.9444444444444
36.9444444444444
37.3333333333333
37.3333333333333
37.7222222222222
38.1111111111111
38.5
39.0833333333333
39.6388888888889
40.2222222222222
40.6111111111111
41
41.3888888888889
41.7777777777778
41.7777777777778
41.7777777777778
41.5833333333333
41.1944444444444
40.8055555555556
40.8055555555556
40.6111111111111
40.2222222222222
40.2222222222222
39.8333333333333
39.8333333333333
39.6388888888889
39.8333333333333
39.6388888888889
39.6388888888889
39.8333333333333
39.8333333333333
39.6388888888889
39.6388888888889
39.6388888888889
38.6944444444444
38.1111111111111
37.5277777777778
37.5277777777778
37.5277777777778
37.1388888888889
36.3611111111111
35.5833333333333
35.1944444444444
34.6111111111111
34.2222222222222
33.6666666666667
33.2777777777778
32.8888888888889
32.5
32.5
32.6944444444444
32.8888888888889
33.2777777777778
33.4722222222222
33.8611111111111
34.0277777777778
34.2222222222222
34.4166666666667
34.4166666666667
34.4166666666667
34.4166666666667
34.6944444444444
34.0277777777778
33.8888888888889
33.8888888888889
33.3611111111111
32.9444444444444
32.4166666666667
31.75
31.2222222222222
30.5555555555556
30.1388888888889
29.3611111111111
29.1111111111111
29.1111111111111
29.1111111111111
29.1111111111111
29.1111111111111
29.1111111111111
27.75
26.0277777777778
24.4166666666667
23.8888888888889
23.2222222222222
22.8055555555556
22.8055555555556
22.6944444444444
22.8055555555556
22.8055555555556
22.8055555555556
22.6944444444444
23.0833333333333
22.6944444444444
21.8888888888889
21.6111111111111
20.6666666666667
20.5555555555556
20.4166666666667
20.2777777777778
20.1388888888889
18.8055555555556
16.5555555555556
15.2222222222222
14.8055555555556
14.6666666666667
15.4722222222222
16.4166666666667
16.8055555555556
17.75
18.8055555555556
19.75
20.8055555555556
21.4722222222222
21.2222222222222
21.8888888888889
22.1388888888889
22.2777777777778
22.4166666666667
22.4166666666667
22.4166666666667
22.5555555555556
22.8055555555556
23.3611111111111
23.8888888888889
24.4166666666667
24.9444444444444
24.8055555555556
24.8055555555556
24.9444444444444
25.3611111111111
25.8888888888889
26.2777777777778
26.6944444444444
26.4166666666667
25.8888888888889
25.2222222222222
24.4166666666667
23.8888888888889
23.3611111111111
22.8055555555556
22.5555555555556
22.5555555555556
22.3333333333333
22.1388888888889
21.5
21.2777777777778
20.8611111111111
20.2222222222222
19.3611111111111
18.0833333333333
16.1666666666667
12.9722222222222
11.0555555555556
11.5
12.1388888888889
12.9722222222222
14.0555555555556
14.8888888888889
15.75
16.1666666666667
16.3888888888889
16.3888888888889
15.75
14.8888888888889
14.0555555555556
13.4166666666667
12.5555555555556
11.9166666666667
10.6388888888889
8.72222222222222
6.58333333333333
5.94444444444444
5.94444444444444
5.75
4.69444444444444
2.77777777777778
2.77777777777778
4.69444444444444
5.94444444444444
6.58333333333333
8.08333333333333
9.36111111111111
10.6388888888889
11.2777777777778
11.0555555555556
11.5
11.9166666666667
11.9166666666667
12.1388888888889
12.1388888888889
12.1388888888889
11.6944444444444
11.0555555555556
10.6388888888889
10
9.58333333333333
9.58333333333333
10
10.8611111111111
11.2777777777778
12.1388888888889
12.5555555555556
12.7777777777778
13.1944444444444
13.4166666666667
12.9722222222222
12.5555555555556
12.1388888888889
11.9166666666667
11.0555555555556
8.5
6.38888888888889
5.94444444444444
5.75
5.52777777777778
7.02777777777778
8.94444444444444
9.77777777777778
9.58333333333333
9.36111111111111
8.94444444444444
7.86111111111111
6.58333333333333
4.69444444444444
3.61111111111111
3.41666666666667
2.77777777777778
1.91666666666667
0.222222222222222
0
0
0
0
0
0
0
0
0
0
0
0
0
0
0
0
0
0
0
0
0
0
0
0
0
0
0
0
0
0
0
0
0
0
0
0.536446666666667
1.87756333333333
3.26338388888889
3.93394222222222
4.82802
5.49857833333333
5.85620944444444
5.49857833333333
5.49857833333333
5.14094722222222
5.14094722222222
4.96213166666667
4.96213166666667
4.96213166666667
5.85620944444444
6.70558333333333
7.55495722222222
7.55495722222222
7.19732611111111
7.01851055555556
6.88439888888889
6.70558333333333
6.16913666666667
4.82802
3.75512666666667
2.72693722222222
1.87756333333333
1.56463611111111
1.56463611111111
0.670558333333333
0
0
0
0
0
0
0
0
0
0
0
0
0.536446666666667
1.56463611111111
3.44219944444444
4.96213166666667
6.16913666666667
7.37614166666667
8.22551555555556
9.11959333333333
9.253705
8.76196222222222
7.73377277777778
5.49857833333333
3.621015
2.72693722222222
4.29157333333333
5.67739388888889
7.01851055555556
8.0467
9.11959333333333
9.79015166666667
10.46071
10.6395255555556
10.9971566666667
11.1759722222222
11.667715
11.667715
12.0253461111111
12.0253461111111
12.0253461111111
11.8465305555556
11.4888994444444
9.79015166666667
7.37614166666667
4.47038888888889
2.05637888888889
0.670558333333333
0.178815555555556
0
0
0
0
0
0
0
0
0.178815555555556
0.536446666666667
0.849373888888889
1.69874777777778
3.44219944444444
5.14094722222222
6.52676777777778
8.0467
9.61133611111111
11.1759722222222
12.6959044444444
13.7240938888889
14.2605405555556
14.4393561111111
14.4393561111111
14.2605405555556
13.5452783333333
12.5170888888889
10.8183411111111
8.94077777777778
7.19732611111111
5.14094722222222
3.621015
2.23519444444444
1.56463611111111
0.849373888888889
0
0
0
0
0
0
0
0
0
0.670558333333333
3.08456833333333
5.67739388888889
7.37614166666667
8.94077777777778
10.2818944444444
11.4888994444444
12.5170888888889
13.7240938888889
14.5734677777778
15.28873
15.7804727777778
16.495735
16.495735
16.6298466666667
16.8086622222222
16.8086622222222
16.8086622222222
16.6298466666667
16.6298466666667
16.495735
16.3169194444444
16.3169194444444
15.6016572222222
14.9310988888889
14.2605405555556
13.0535355555556
11.1759722222222
11.1759722222222
11.667715
12.3382733333333
13.0535355555556
13.9029094444444
14.4393561111111
15.28873
15.6016572222222
15.9592883333333
16.3169194444444
16.495735
16.495735
16.6298466666667
16.8086622222222
16.6298466666667
16.8086622222222
16.9874777777778
17.1662933333333
17.5239244444444
17.70274
17.8368516666667
18.1944827777778
18.0156672222222
18.3732983333333
18.3732983333333
18.1944827777778
14.2605405555556
10.6842294444444
7.10791833333333
3.53160722222222
1.207005
0.178815555555556
0.178815555555556
1.207005
1.69874777777778
1.69874777777778
0.670558333333333
0
0
0
0
0
0
0
0
0
0
0
0
0
0
0
0
0
0
0
0
0
0
0
0
0
0
0
0
0
0
0.670558333333333
2.23519444444444
3.93394222222222
5.14094722222222
6.34795222222222
6.88439888888889
7.19732611111111
7.19732611111111
7.55495722222222
7.37614166666667
7.55495722222222
8.0467
8.58314666666667
9.11959333333333
9.11959333333333
9.43252055555556
9.43252055555556
9.96896722222222
10.2818944444444
10.6395255555556
10.8183411111111
10.9971566666667
11.1759722222222
11.4888994444444
11.4888994444444
11.8465305555556
12.3382733333333
12.6959044444444
13.0535355555556
13.5452783333333
13.9029094444444
13.9029094444444
13.7240938888889
13.9029094444444
13.2323511111111
13.0535355555556
13.0535355555556
12.87472
12.5170888888889
10.2818944444444
9.43252055555556
9.61133611111111
9.253705
9.253705
8.76196222222222
7.37614166666667
5.85620944444444
4.29157333333333
3.26338388888889
1.69874777777778
0.357631111111111
0
0
0
0
0
0
0
0
0
0
0
0
0
0
0
0
0
0
0
0
0
0
0
0
0.178815555555556
1.207005
3.26338388888889
5.14094722222222
6.88439888888889
8.22551555555556
9.253705
10.8183411111111
12.0253461111111
13.2323511111111
13.9029094444444
14.5734677777778
15.1099144444444
15.6016572222222
16.495735
17.5239244444444
18.3732983333333
19.2226722222222
19.5803033333333
19.8932305555556
20.2508616666667
20.2508616666667
20.0720461111111
19.8932305555556
19.5803033333333
19.4014877777778
19.0438566666667
18.7309294444444
18.5521138888889
18.1944827777778
18.0156672222222
18.3732983333333
18.5521138888889
19.0438566666667
19.4014877777778
19.7591188888889
20.0720461111111
20.4296772222222
20.7873083333333
20.92142
21.1002355555556
21.4578666666667
21.2790511111111
21.6366822222222
21.4578666666667
21.1002355555556
20.6084927777778
20.4296772222222
20.0720461111111
19.7591188888889
19.5803033333333
19.8932305555556
20.0720461111111
20.2508616666667
20.7873083333333
21.4578666666667
21.8154977777778
22.128425
22.3072405555556
22.3072405555556
22.3072405555556
22.128425
22.128425
21.8154977777778
21.8154977777778
21.8154977777778
21.6366822222222
21.8154977777778
22.128425
22.4860561111111
22.6648716666667
23.1566144444444
23.5142455555556
23.8718766666667
24.1848038888889
24.7212505555556
24.7212505555556
25.0788816666667
25.2129933333333
25.2129933333333
25.2129933333333
25.5706244444444
25.3918088888889
25.74944
25.74944
25.74944
25.9282555555556
25.9282555555556
26.1070711111111
26.1070711111111
26.2858866666667
26.4199983333333
26.2858866666667
26.2858866666667
25.9282555555556
25.9282555555556
25.74944
25.74944
25.74944
25.74944
25.74944
26.4199983333333
26.5988138888889
26.7776294444444
26.956445
26.956445
27.3140761111111
26.956445
26.7776294444444
26.5988138888889
26.4199983333333
26.4199983333333
26.5988138888889
26.5988138888889
26.5988138888889
26.7776294444444
26.956445
27.1352605555556
27.1352605555556
27.4481877777778
27.6270033333333
27.6270033333333
27.6270033333333
27.6270033333333
27.3140761111111
27.1352605555556
26.956445
26.956445
26.956445
26.5988138888889
26.2858866666667
26.4199983333333
26.2858866666667
26.2858866666667
26.2858866666667
26.1070711111111
25.9282555555556
25.9282555555556
25.9282555555556
26.1070711111111
26.4199983333333
26.5988138888889
26.7776294444444
26.7776294444444
26.956445
27.3140761111111
27.3140761111111
27.3140761111111
27.4481877777778
27.4481877777778
27.3140761111111
27.1352605555556
26.7776294444444
26.4199983333333
26.4199983333333
26.4199983333333
26.7776294444444
26.5988138888889
26.7776294444444
26.2858866666667
25.9282555555556
25.74944
25.3918088888889
25.0788816666667
24.7212505555556
24.1848038888889
23.5142455555556
21.9943133333333
20.6084927777778
19.2226722222222
16.6298466666667
13.2323511111111
9.61133611111111
7.37614166666667
7.01851055555556
8.22551555555556
9.61133611111111
11.1759722222222
12.2041616666667
13.0535355555556
13.7240938888889
14.081725
13.9029094444444
13.9029094444444
13.5452783333333
13.4111666666667
13.4111666666667
13.2323511111111
13.4111666666667
12.87472
12.87472
12.5170888888889
12.6959044444444
12.5170888888889
12.6959044444444
12.6959044444444
12.87472
12.6959044444444
12.6959044444444
12.5170888888889
11.8465305555556
10.8183411111111
10.1477827777778
9.11959333333333
7.91258833333333
7.01851055555556
5.85620944444444
4.82802
3.75512666666667
3.26338388888889
2.23519444444444
1.69874777777778
1.56463611111111
0.849373888888889
0.357631111111111
0
0
0
0.357631111111111
0.849373888888889
1.69874777777778
3.08456833333333
4.29157333333333
4.96213166666667
4.96213166666667
4.64920444444444
3.93394222222222
4.11275777777778
4.47038888888889
4.64920444444444
4.64920444444444
2.41401
0.849373888888889
0
0
0
0
0
0
0
0
0
0
0
0
0
0
0
0
0
0
0
0
0
0
0
0
0
0
0.178815555555556
0.670558333333333
1.56463611111111
2.72693722222222
4.64920444444444
6.34795222222222
7.55495722222222
8.58314666666667
8.94077777777778
9.61133611111111
10.46071
10.9971566666667
10.8183411111111
8.94077777777778
7.55495722222222
5.99032111111111
5.99032111111111
7.01851055555556
8.22551555555556
9.43252055555556
10.46071
11.3100838888889
12.3382733333333
12.87472
13.5452783333333
13.7240938888889
14.081725
13.9029094444444
13.9029094444444
13.5452783333333
13.5452783333333
13.5452783333333
13.7240938888889
13.9029094444444
14.4393561111111
14.5734677777778
14.5734677777778
14.5734677777778
13.9029094444444
12.0253461111111
9.96896722222222
8.0467
6.16913666666667
4.29157333333333
2.05637888888889
2.72693722222222
4.47038888888889
6.34795222222222
7.73377277777778
8.94077777777778
9.61133611111111
9.96896722222222
9.96896722222222
9.96896722222222
9.96896722222222
10.2818944444444
10.2818944444444
10.1477827777778
9.96896722222222
9.79015166666667
10.1477827777778
10.6395255555556
11.1759722222222
11.3100838888889
11.4888994444444
11.8465305555556
12.0253461111111
12.2041616666667
12.5170888888889
13.0535355555556
13.4111666666667
13.4111666666667
13.2323511111111
13.2323511111111
12.87472
12.6959044444444
12.5170888888889
12.2041616666667
11.4888994444444
10.9971566666667
11.1759722222222
11.8465305555556
12.5170888888889
13.2323511111111
13.7240938888889
14.4393561111111
14.7522833333333
15.28873
15.4675455555556
15.7804727777778
16.1381038888889
16.1381038888889
16.495735
16.495735
16.8086622222222
16.8086622222222
17.1662933333333
16.9874777777778
16.8086622222222
16.8086622222222
16.6298466666667
16.495735
16.1381038888889
15.9592883333333
16.1381038888889
15.9592883333333
15.9592883333333
15.9592883333333
16.1381038888889
16.1381038888889
15.9592883333333
15.9592883333333
15.6016572222222
15.4675455555556
15.28873
15.1099144444444
14.9310988888889
14.7522833333333
13.5452783333333
13.0535355555556
12.6959044444444
11.1759722222222
9.43252055555556
7.55495722222222
5.99032111111111
5.85620944444444
5.49857833333333
5.67739388888889
7.01851055555556
8.58314666666667
9.96896722222222
10.9971566666667
11.4888994444444
11.8465305555556
11.8465305555556
12.0253461111111
12.2041616666667
12.2041616666667
12.3382733333333
12.6959044444444
12.87472
12.87472
13.0535355555556
12.87472
12.87472
12.5170888888889
12.5170888888889
12.3382733333333
11.8465305555556
10.9971566666667
9.253705
7.37614166666667
6.70558333333333
6.34795222222222
6.34795222222222
6.16913666666667
6.16913666666667
5.31976277777778
3.75512666666667
1.87756333333333
0.536446666666667
0
0
0
0
0
0
0
0
0
0
0
0
0
0
0
0
0
0
0
0
0
0
0
0
0
0
0
0
0
0
0.670558333333333
2.41401
4.11275777777778
5.14094722222222
6.52676777777778
7.73377277777778
8.58314666666667
9.43252055555556
9.253705
9.253705
8.76196222222222
8.22551555555556
7.55495722222222
7.55495722222222
7.37614166666667
7.55495722222222
7.55495722222222
7.55495722222222
7.73377277777778
8.58314666666667
9.11959333333333
9.43252055555556
9.96896722222222
9.96896722222222
10.1477827777778
9.96896722222222
10.1477827777778
9.96896722222222
10.6395255555556
11.4888994444444
12.3382733333333
13.2323511111111
13.4111666666667
13.0535355555556
12.3382733333333
11.1759722222222
10.6395255555556
10.46071
10.8183411111111
10.46071
10.2818944444444
9.11959333333333
8.40433111111111
7.73377277777778
6.70558333333333
5.85620944444444
4.11275777777778
3.08456833333333
2.05637888888889
2.05637888888889
2.05637888888889
1.87756333333333
2.41401
2.05637888888889
1.56463611111111
1.02818944444444
1.02818944444444
0.849373888888889
1.38582055555556
2.72693722222222
2.05637888888889
1.207005
1.02818944444444
1.02818944444444
1.38582055555556
1.87756333333333
1.56463611111111
1.69874777777778
1.87756333333333
1.56463611111111
1.56463611111111
1.56463611111111
2.05637888888889
2.59282555555556
1.56463611111111
0.357631111111111
1.56463611111111
1.69874777777778
1.02818944444444
0
0.536446666666667
3.08456833333333
6.16913666666667
8.40433111111111
10.6395255555556
12.2041616666667
13.7240938888889
15.1099144444444
16.8086622222222
18.1944827777778
19.5803033333333
20.6084927777778
21.4578666666667
22.128425
23.0225027777778
23.6930611111111
24.3636194444444
24.9000661111111
25.3918088888889
25.9282555555556
26.4199983333333
26.956445
27.3140761111111
27.6270033333333
27.6270033333333
27.6270033333333
27.6270033333333
27.9846344444444
28.3422655555556
28.16345
28.16345
27.9846344444444
27.6270033333333
27.6270033333333
27.8058188888889
27.8058188888889
27.9846344444444
28.4763772222222
28.8340083333333
29.0128238888889
29.5045666666667
29.5045666666667
29.8621977777778
29.6833822222222
29.8621977777778
30.0410133333333
29.6833822222222
29.6833822222222
29.5045666666667
29.370455
29.370455
29.6833822222222
29.5045666666667
29.370455
29.1916394444444
29.1916394444444
28.8340083333333
28.8340083333333
28.6551927777778
28.4763772222222
28.4763772222222
28.4763772222222
28.8340083333333
28.8340083333333
29.0128238888889
28.8340083333333
28.6551927777778
29.0128238888889
29.1916394444444
29.1916394444444
29.1916394444444
28.6551927777778
28.3422655555556
28.16345
28.3422655555556
28.6551927777778
29.0128238888889
29.1916394444444
28.8340083333333
28.6551927777778
28.3422655555556
28.4763772222222
28.3422655555556
28.3422655555556
28.3422655555556
28.3422655555556
28.4763772222222
28.8340083333333
29.1916394444444
29.0128238888889
28.4763772222222
28.16345
26.7776294444444
24.7212505555556
22.6648716666667
21.9943133333333
21.4578666666667
20.6084927777778
19.7591188888889
18.3732983333333
17.8368516666667
16.1381038888889
14.5734677777778
13.0535355555556
10.9971566666667
9.253705
8.58314666666667
7.37614166666667
6.70558333333333
5.31976277777778
4.29157333333333
3.75512666666667
2.59282555555556
0.536446666666667
0
0
0
0.536446666666667
1.38582055555556
2.23519444444444
3.75512666666667
5.14094722222222
6.52676777777778
7.55495722222222
8.40433111111111
9.43252055555556
10.6395255555556
11.8465305555556
12.5170888888889
13.2323511111111
13.7240938888889
14.5734677777778
15.28873
15.7804727777778
16.1381038888889
16.495735
16.9874777777778
16.9874777777778
16.9874777777778
16.9874777777778
16.9874777777778
16.6298466666667
16.495735
16.1381038888889
15.9592883333333
15.6016572222222
15.6016572222222
15.1099144444444
14.081725
12.87472
11.4888994444444
10.9971566666667
10.46071
9.96896722222222
9.61133611111111
8.94077777777778
8.94077777777778
8.58314666666667
8.58314666666667
8.0467
5.31976277777778
3.08456833333333
1.207005
0.357631111111111
0.178815555555556
0
0
0
0
0
0
0
0
0
0
0
0
0
0
0
0.178815555555556
1.207005
2.72693722222222
4.11275777777778
5.14094722222222
6.34795222222222
7.19732611111111
8.0467
8.94077777777778
9.61133611111111
10.2818944444444
10.8183411111111
11.1759722222222
11.4888994444444
12.0253461111111
12.3382733333333
12.3382733333333
12.6959044444444
13.0535355555556
13.0535355555556
13.4111666666667
13.2323511111111
13.2323511111111
12.87472
12.5170888888889
10.6395255555556
8.40433111111111
5.31976277777778
2.72693722222222
0.670558333333333
0.670558333333333
1.87756333333333
3.621015
4.64920444444444
5.85620944444444
6.88439888888889
8.0467
9.11959333333333
10.2818944444444
11.3100838888889
12.2041616666667
12.87472
13.5452783333333
13.9029094444444
14.4393561111111
14.2605405555556
14.4393561111111
14.2605405555556
13.9029094444444
12.87472
11.1759722222222
10.1477827777778
8.40433111111111
6.88439888888889
5.99032111111111
5.31976277777778
3.93394222222222
2.23519444444444
0.849373888888889
1.02818944444444
1.207005
1.56463611111111
2.90575277777778
4.82802
6.16913666666667
7.19732611111111
8.22551555555556
9.11959333333333
9.79015166666667
9.79015166666667
9.253705
7.73377277777778
5.85620944444444
4.29157333333333
3.93394222222222
4.82802
5.67739388888889
6.34795222222222
6.52676777777778
5.85620944444444
4.96213166666667
4.96213166666667
4.96213166666667
5.85620944444444
7.01851055555556
8.22551555555556
9.253705
10.6395255555556
11.4888994444444
12.5170888888889
13.4111666666667
13.9029094444444
14.4393561111111
15.28873
15.9592883333333
16.495735
17.3451088888889
18.0156672222222
18.5521138888889
18.8650411111111
19.2226722222222
19.5803033333333
19.5803033333333
19.4014877777778
19.2226722222222
18.8650411111111
18.7309294444444
18.5521138888889
18.7309294444444
18.7309294444444
18.7309294444444
18.8650411111111
19.0438566666667
19.0438566666667
19.0438566666667
19.0438566666667
19.0438566666667
19.0438566666667
19.0438566666667
18.8650411111111
19.2226722222222
19.4014877777778
19.2226722222222
19.0438566666667
18.7309294444444
18.1944827777778
16.495735
14.5734677777778
12.5170888888889
10.46071
8.22551555555556
6.52676777777778
5.49857833333333
4.11275777777778
2.59282555555556
0.849373888888889
0.178815555555556
0
0
0
0
0
0.178815555555556
1.87756333333333
4.11275777777778
5.31976277777778
6.34795222222222
7.01851055555556
6.70558333333333
6.34795222222222
5.99032111111111
6.16913666666667
6.52676777777778
6.52676777777778
6.34795222222222
7.19732611111111
7.01851055555556
7.01851055555556
6.52676777777778
5.85620944444444
4.47038888888889
3.26338388888889
1.56463611111111
0.357631111111111
0
0
0
0
0.178815555555556
1.207005
3.26338388888889
5.14094722222222
6.88439888888889
8.58314666666667
9.79015166666667
10.6395255555556
11.1759722222222
11.667715
12.2041616666667
12.87472
13.4111666666667
13.2323511111111
13.2323511111111
12.87472
11.667715
9.96896722222222
8.58314666666667
7.37614166666667
5.67739388888889
4.29157333333333
3.08456833333333
1.87756333333333
1.02818944444444
0.357631111111111
0
0
0
0
0
0
0
0
0
0
0
0
0
0
0
0
0
0
0
0
0
0
0
1.56463611111111
4.64920444444444
6.88439888888889
7.73377277777778
7.73377277777778
8.22551555555556
9.61133611111111
10.9971566666667
12.2041616666667
13.4111666666667
14.081725
14.2605405555556
14.5734677777778
14.9310988888889
15.6016572222222
16.3169194444444
16.8086622222222
17.5239244444444
18.0156672222222
18.1944827777778
18.3732983333333
18.1944827777778
18.1944827777778
18.1944827777778
18.5521138888889
19.0438566666667
19.2226722222222
19.8932305555556
20.2508616666667
20.2508616666667
20.0720461111111
19.4014877777778
18.0156672222222
16.9874777777778
16.1381038888889
16.3169194444444
16.9874777777778
17.5239244444444
18.1944827777778
18.8650411111111
19.4014877777778
20.0720461111111
20.4296772222222
20.6084927777778
20.92142
20.7873083333333
20.7873083333333
20.7873083333333
20.6084927777778
20.6084927777778
20.6084927777778
20.92142
21.2790511111111
21.4578666666667
21.6366822222222
21.4578666666667
21.4578666666667
21.1002355555556
20.7873083333333
20.92142
21.1002355555556
21.6366822222222
21.6366822222222
21.8154977777778
21.6366822222222
21.2790511111111
20.7873083333333
19.7591188888889
18.8650411111111
18.5521138888889
18.3732983333333
18.1944827777778
18.0156672222222
17.70274
17.5239244444444
17.3451088888889
16.9874777777778
16.8086622222222
16.6298466666667
16.3169194444444
15.4675455555556
14.081725
13.2323511111111
13.0535355555556
12.87472
12.87472
12.5170888888889
12.5170888888889
12.6959044444444
13.2323511111111
13.4111666666667
13.5452783333333
13.0535355555556
11.8465305555556
11.3100838888889
11.1759722222222
10.9971566666667
10.9971566666667
11.3100838888889
11.667715
12.2041616666667
12.6959044444444
13.0535355555556
13.0535355555556
13.2323511111111
13.4111666666667
13.9029094444444
14.5734677777778
15.1099144444444
15.4675455555556
15.6016572222222
15.4675455555556
15.6016572222222
15.4675455555556
15.6016572222222
15.6016572222222
15.6016572222222
15.28873
15.1099144444444
14.5734677777778
14.081725
13.4111666666667
12.87472
12.2041616666667
10.6395255555556
10.2818944444444
10.2818944444444
9.96896722222222
9.11959333333333
8.40433111111111
7.91258833333333
7.19732611111111
6.52676777777778
5.67739388888889
4.96213166666667
4.11275777777778
3.93394222222222
3.26338388888889
2.72693722222222
2.23519444444444
1.87756333333333
1.56463611111111
1.207005
1.02818944444444
0.670558333333333
0.536446666666667
0
0.536446666666667
1.87756333333333
3.26338388888889
3.93394222222222
4.82802
5.49857833333333
5.85620944444444
5.49857833333333
5.49857833333333
5.14094722222222
5.14094722222222
4.96213166666667
4.96213166666667
4.96213166666667
5.85620944444444
6.70558333333333
7.55495722222222
7.55495722222222
7.19732611111111
7.01851055555556
6.88439888888889
6.70558333333333
6.16913666666667
4.82802
3.75512666666667
2.72693722222222
1.87756333333333
1.56463611111111
1.56463611111111
0.670558333333333
0
0
0
0
0
0
0
0
0
0
0
0
0
0.894077777777778
2.19049055555556
3.621015
5.05153944444444
6.48206388888889
7.73377277777778
8.76196222222222
9.74544777777778
10.7289333333333
11.5336033333333
12.1147538888889
12.5170888888889
12.9641277777778
13.4111666666667
13.7240938888889
14.081725
14.3946522222222
14.7075794444444
14.9758027777778
15.2440261111111
15.4675455555556
15.6016572222222
15.691065
15.9592883333333
16.0486961111111
16.0039922222222
15.7804727777778
15.6016572222222
15.4228416666667
15.4675455555556
15.5569533333333
15.691065
15.9592883333333
16.1381038888889
16.1828077777778
16.3169194444444
16.4063272222222
16.495735
16.5404388888889
16.5404388888889
16.5404388888889
16.5404388888889
16.5404388888889
16.5404388888889
16.5851427777778
16.6745505555556
16.89807
17.2557011111111
17.5686283333333
17.8815555555556
18.1944827777778
18.50741
18.8650411111111
19.1779683333333
19.4461916666667
19.6697111111111
19.8038227777778
19.8932305555556
20.0273422222222
20.0720461111111
20.11675
20.1614538888889
20.2955655555556
20.4296772222222
20.5637888888889
20.6979005555556
20.7873083333333
20.92142
20.9661238888889
21.0108277777778
21.0555316666667
21.1002355555556
21.1449394444444
21.1002355555556
21.0555316666667
21.0108277777778
20.9661238888889
20.9661238888889
20.9661238888889
21.0108277777778
21.0555316666667
21.0555316666667
21.1002355555556
21.0555316666667
21.0108277777778
20.9661238888889
20.7873083333333
20.6979005555556
20.6531966666667
20.6979005555556
20.7873083333333
20.9661238888889
21.0555316666667
21.1896433333333
21.323755
21.4578666666667
21.5472744444444
21.6813861111111
21.8154977777778
21.9496094444444
21.9943133333333
21.9496094444444
21.9496094444444
21.9049055555556
21.9049055555556
21.9496094444444
21.9943133333333
22.0390172222222
22.0837211111111
22.128425
22.128425
22.128425
22.0837211111111
21.9496094444444
21.8602016666667
21.72609
21.6366822222222
21.5025705555556
21.323755
21.1896433333333
21.1449394444444
21.2343472222222
21.3684588888889
21.4131627777778
21.4578666666667
21.4131627777778
21.4131627777778
21.4131627777778
21.4578666666667
21.4578666666667
21.4578666666667
21.4131627777778
21.1449394444444
20.5637888888889
19.3567838888889
18.4180022222222
17.6580361111111
17.5239244444444
17.4345166666667
17.4345166666667
17.4792205555556
17.6580361111111
17.9262594444444
18.3285944444444
18.7756333333333
19.2673761111111
19.5355994444444
19.714415
19.8038227777778
19.8485266666667
19.9379344444444
19.9826383333333
20.0720461111111
20.2061577777778
20.4296772222222
20.519085
20.6979005555556
20.92142
20.9661238888889
21.0108277777778
21.0555316666667
21.2790511111111
21.4131627777778
21.4578666666667
21.4578666666667
21.4131627777778
21.3684588888889
21.1449394444444
20.8767161111111
20.6531966666667
20.519085
20.4296772222222
20.3402694444444
20.2955655555556
20.2508616666667
20.11675
19.6697111111111
19.2673761111111
18.8650411111111
18.5521138888889
18.5521138888889
18.8203372222222
19.1779683333333
19.4461916666667
19.6250072222222
19.4908955555556
19.3567838888889
19.2226722222222
19.2673761111111
19.4014877777778
19.6250072222222
19.8038227777778
19.9379344444444
20.0720461111111
20.0273422222222
19.8485266666667
19.6250072222222
19.4014877777778
19.31208
19.31208
19.2673761111111
19.2226722222222
19.2226722222222
19.2673761111111
19.4014877777778
19.6250072222222
19.6697111111111
19.4461916666667
19.0438566666667
18.5521138888889
18.1944827777778
17.8815555555556
17.8815555555556
18.0156672222222
18.3285944444444
18.7756333333333
19.0885605555556
19.2673761111111
19.31208
19.4014877777778
19.6250072222222
19.8038227777778
19.9826383333333
20.1614538888889
20.2955655555556
20.4743811111111
20.7873083333333
20.9661238888889
21.1002355555556
21.1896433333333
21.1449394444444
21.1449394444444
21.1002355555556
21.1002355555556
21.1002355555556
21.0555316666667
21.0108277777778
21.0108277777778
20.9661238888889
20.92142
20.9661238888889
21.0108277777778
21.1002355555556
21.2343472222222
21.4131627777778
21.4578666666667
21.4578666666667
21.4578666666667
21.4578666666667
21.4578666666667
21.5025705555556
21.5472744444444
21.5472744444444
21.5025705555556
21.72609
21.8602016666667
21.9496094444444
21.9496094444444
21.9496094444444
21.9496094444444
21.9496094444444
21.9049055555556
21.8602016666667
21.5472744444444
21.323755
21.2343472222222
21.1002355555556
20.8767161111111
20.6531966666667
20.5637888888889
20.4743811111111
20.3849733333333
20.2955655555556
20.2061577777778
20.11675
19.9826383333333
19.8932305555556
19.7591188888889
19.4461916666667
19.1332644444444
18.7756333333333
17.9262594444444
17.2557011111111
16.7639583333333
16.0039922222222
15.5122494444444
15.1993222222222
14.886395
14.5287638888889
14.1711327777778
13.67939
13.2323511111111
12.87472
12.6959044444444
12.7853122222222
13.1876472222222
14.0370211111111
14.9310988888889
15.9145844444444
16.7639583333333
17.4792205555556
17.9709633333333
18.3732983333333
18.6862255555556
18.9544488888889
19.1332644444444
19.3567838888889
19.5803033333333
19.8038227777778
19.9826383333333
20.11675
20.2061577777778
20.2955655555556
20.3402694444444
20.4743811111111
20.5637888888889
20.6084927777778
20.7873083333333
20.92142
21.0555316666667
21.323755
21.5919783333333
21.9049055555556
22.2178327777778
22.4860561111111
22.7989833333333
23.1119105555556
23.4248377777778
23.737765
24.0506922222222
24.3636194444444
24.6765466666667
24.94477
25.2129933333333
25.4365127777778
25.4812166666667
25.5259205555556
25.6153283333333
25.74944
25.8388477777778
25.9282555555556
25.9729594444444
26.1070711111111
26.2411827777778
26.2858866666667
26.3305905555556
26.3752944444444
26.3752944444444
26.3305905555556
26.2858866666667
26.1964788888889
26.1070711111111
26.0176633333333
25.9729594444444
25.9282555555556
25.8835516666667
25.74944
25.6600322222222
25.5706244444444
25.5259205555556
25.4812166666667
25.4812166666667
25.4365127777778
25.4365127777778
25.4365127777778
25.4812166666667
25.4812166666667
25.4812166666667
25.4812166666667
25.4812166666667
25.4812166666667
25.4812166666667
25.4812166666667
25.4812166666667
25.4365127777778
25.3918088888889
25.2576972222222
25.1235855555556
25.0341777777778
25.0341777777778
25.0341777777778
25.0788816666667
25.2129933333333
25.347105
25.4365127777778
25.5259205555556
25.6153283333333
25.6600322222222
25.6600322222222
25.5706244444444
25.4812166666667
25.4365127777778
25.3024011111111
25.1682894444444
25.0788816666667
25.2129933333333
25.347105
25.5259205555556
25.7047361111111
25.8388477777778
25.9282555555556
25.9282555555556
25.9282555555556
25.9282555555556
25.9282555555556
25.9282555555556
25.8835516666667
25.8388477777778
25.7941438888889
25.7941438888889
25.8388477777778
25.8835516666667
25.9282555555556
25.9729594444444
26.1070711111111
26.3305905555556
26.4199983333333
26.55411
26.7329255555556
26.7776294444444
26.7776294444444
26.7329255555556
26.6435177777778
26.55411
26.4647022222222
26.4199983333333
26.3752944444444
26.3305905555556
26.2411827777778
26.1964788888889
26.151775
26.1070711111111
26.1070711111111
26.0623672222222
26.0176633333333
25.9729594444444
25.9282555555556
25.8835516666667
25.8835516666667
25.8835516666667
25.8835516666667
25.8835516666667
25.9282555555556
25.9729594444444
25.9729594444444
26.0176633333333
26.0176633333333
26.0176633333333
25.9729594444444
25.9282555555556
25.9282555555556
25.9282555555556
25.9282555555556
25.9282555555556
25.9282555555556
25.8835516666667
25.8835516666667
25.9282555555556
25.9729594444444
25.9729594444444
26.0176633333333
26.0623672222222
26.0623672222222
26.0623672222222
26.0176633333333
25.9729594444444
25.9282555555556
25.8388477777778
25.7047361111111
25.5259205555556
25.4812166666667
25.3024011111111
25.0788816666667
25.0341777777778
24.94477
24.8106583333333
24.6765466666667
24.6318427777778
24.5871388888889
24.542435
24.542435
24.542435
24.542435
24.542435
24.542435
24.5871388888889
24.5871388888889
24.5871388888889
24.5871388888889
24.5871388888889
24.5871388888889
24.6318427777778
24.6318427777778
24.5871388888889
24.542435
24.542435
24.4977311111111
24.4530272222222
24.4083233333333
24.3189155555556
24.2742116666667
24.2742116666667
24.2295077777778
24.1848038888889
24.1848038888889
24.1848038888889
24.1401
24.1401
24.1401
24.1401
24.1401
24.1401
24.1401
24.1401
24.1848038888889
24.2295077777778
24.3636194444444
24.4977311111111
24.542435
24.5871388888889
24.6318427777778
24.6765466666667
24.6765466666667
24.7212505555556
24.7659544444444
24.8106583333333
24.8553622222222
24.9000661111111
24.94477
24.9894738888889
25.0341777777778
25.0341777777778
25.0341777777778
25.0341777777778
25.0341777777778
25.0341777777778
25.0341777777778
25.0341777777778
25.0341777777778
25.0341777777778
25.0341777777778
25.0341777777778
25.0341777777778
25.0341777777778
24.9894738888889
24.9894738888889
24.9894738888889
24.94477
24.8553622222222
24.7659544444444
24.6765466666667
24.6318427777778
24.5871388888889
24.542435
24.4083233333333
24.3189155555556
24.2295077777778
24.1848038888889
24.0506922222222
23.8718766666667
23.8271727777778
23.737765
23.6483572222222
23.5142455555556
23.4248377777778
23.33543
23.2907261111111
23.2460222222222
23.2460222222222
23.2460222222222
23.2460222222222
23.2907261111111
23.2460222222222
23.2460222222222
23.2013183333333
23.0672066666667
22.9777988888889
22.8436872222222
22.6648716666667
22.4860561111111
22.2625366666667
22.0390172222222
21.7707938888889
21.5472744444444
21.5025705555556
21.4578666666667
21.4578666666667
21.5025705555556
21.6366822222222
21.8602016666667
21.9049055555556
21.9496094444444
21.9496094444444
21.9049055555556
21.9049055555556
21.8602016666667
21.72609
21.5919783333333
21.4578666666667
21.4131627777778
21.3684588888889
21.323755
21.4131627777778
21.5919783333333
21.9049055555556
21.9496094444444
21.9049055555556
21.8602016666667
21.4578666666667
21.0555316666667
20.6531966666667
20.6084927777778
20.6084927777778
20.6531966666667
20.9661238888889
21.3684588888889
21.9049055555556
22.2178327777778
22.6201677777778
23.0225027777778
23.33543
23.5589494444444
23.6930611111111
23.9612844444444
24.1401
24.1848038888889
24.3189155555556
24.4530272222222
24.6318427777778
24.7659544444444
24.7659544444444
24.5871388888889
24.3636194444444
23.9612844444444
23.4695416666667
22.4413522222222
21.5472744444444
20.7873083333333
20.6531966666667
20.5637888888889
20.5637888888889
20.6979005555556
20.92142
21.2343472222222
21.5472744444444
21.8154977777778
22.128425
22.4413522222222
22.6648716666667
22.8436872222222
23.1119105555556
23.33543
23.4695416666667
23.2907261111111
23.0672066666667
22.8436872222222
22.7989833333333
22.7989833333333
22.8436872222222
22.9777988888889
23.1119105555556
23.2460222222222
23.33543
23.4695416666667
23.6036533333333
23.5589494444444
23.5142455555556
23.3801338888889
23.3801338888889
23.4248377777778
23.4695416666667
23.5589494444444
23.5589494444444
23.4248377777778
23.2907261111111
23.1119105555556
22.8436872222222
22.5754638888889
22.3966483333333
22.2625366666667
22.2178327777778
22.1731288888889
22.128425
22.128425
22.2178327777778
22.3519444444444
22.4413522222222
22.6201677777778
22.8436872222222
23.0672066666667
23.2013183333333
23.2460222222222
23.2907261111111
23.4248377777778
23.6483572222222
23.8271727777778
24.0059883333333
24.2295077777778
24.3636194444444
24.4977311111111
24.5871388888889
24.8106583333333
24.9894738888889
25.0788816666667
25.1682894444444
25.2129933333333
25.2576972222222
25.347105
25.4365127777778
25.4812166666667
25.6153283333333
25.7941438888889
26.0176633333333
26.2858866666667
26.4199983333333
26.4647022222222
26.4199983333333
26.2858866666667
26.151775
25.9729594444444
25.7941438888889
25.6153283333333
25.5259205555556
25.3918088888889
25.2576972222222
25.1235855555556
24.8106583333333
24.4083233333333
24.1848038888889
24.0059883333333
23.7824688888889
23.6483572222222
23.4695416666667
23.2460222222222
22.933095
22.5754638888889
22.128425
21.6813861111111
21.2790511111111
20.92142
20.3849733333333
19.7591188888889
18.9991527777778
17.5239244444444
16.0486961111111
14.5734677777778
13.0982394444444
11.9806422222222
10.9524527777778
9.61133611111111
8.71725833333333
7.77847666666667
6.75028722222222
5.54328222222222
4.33627722222222
3.12927222222222
2.23519444444444
1.47522833333333
0.894077777777778
0.312927222222222
0
0
0
0
0
0
0
0
0
0
0
0
0
0
0
0
0
0
0
0
0
0
0
0
1.34111666666667
2.63752944444444
3.84453444444444
5.14094722222222
6.39265611111111
7.55495722222222
7.73377277777778
8.09140388888889
9.253705
9.70074388888889
10.0136711111111
10.058375
9.87955944444444
9.61133611111111
9.34311277777778
9.11959333333333
8.85137
7.59966111111111
6.66087944444444
6.66087944444444
6.79499111111111
6.92910277777778
7.15262222222222
7.644365
8.53844277777778
9.43252055555556
10.1477827777778
10.2371905555556
10.1477827777778
10.1030788888889
9.52192833333333
8.49373888888889
7.644365
7.06321444444444
7.06321444444444
7.91258833333333
8.85137
9.65604
10.3713022222222
10.8183411111111
10.9971566666667
11.1312683333333
11.1759722222222
10.9971566666667
10.9524527777778
11.0418605555556
11.0865644444444
11.0418605555556
10.9971566666667
10.9971566666667
11.2206761111111
11.4441955555556
11.4888994444444
11.3547877777778
11.1312683333333
11.1759722222222
11.3547877777778
11.6230111111111
11.6230111111111
11.4888994444444
11.667715
11.9359383333333
12.2935694444444
12.7853122222222
13.0982394444444
13.3217588888889
13.4558705555556
13.5899822222222
13.7240938888889
13.7240938888889
13.6346861111111
13.5899822222222
13.5452783333333
13.5899822222222
13.7687977777778
13.5899822222222
13.3664627777778
13.1876472222222
13.3217588888889
13.5452783333333
13.7240938888889
13.8135016666667
13.8582055555556
13.8135016666667
13.5899822222222
13.3217588888889
13.3664627777778
13.5005744444444
13.7240938888889
13.9476133333333
14.2158366666667
14.3946522222222
14.48406
14.3946522222222
14.1711327777778
12.7853122222222
11.3100838888889
9.83485555555555
8.35962722222222
6.88439888888889
5.40917055555555
3.93394222222222
2.45871388888889
0.983485555555556
0
0
0
0
0
0
0
0
0
0
0
0
0
0
0
0
0
0
0
0
0
0
0
0
0
0
0
0
0
0
0
0
0
0
0
0
0
0
0
1.47522833333333
2.95045666666667
4.425685
5.90091333333333
7.37614166666667
8.85137
9.92426333333333
10.863045
11.5336033333333
11.8018266666667
11.4888994444444
11.2206761111111
11.0418605555556
11.1759722222222
11.26538
11.3547877777778
11.5336033333333
12.1594577777778
11.8465305555556
10.7289333333333
10.1477827777778
8.67255444444444
7.91258833333333
7.68906888888889
8.09140388888889
8.31492333333333
8.94077777777778
9.92426333333333
10.9524527777778
12.2041616666667
13.6346861111111
14.9758027777778
16.1828077777778
16.6745505555556
17.5686283333333
18.105075
18.8203372222222
19.4461916666667
20.1614538888889
20.5637888888889
20.92142
21.2343472222222
21.2343472222222
21.1449394444444
21.1002355555556
21.0108277777778
21.0108277777778
21.0108277777778
21.0108277777778
21.0108277777778
21.1002355555556
21.1896433333333
21.4131627777778
21.6813861111111
21.9496094444444
22.128425
22.3519444444444
22.6201677777778
22.7989833333333
23.0225027777778
23.33543
23.7824688888889
24.1848038888889
24.4083233333333
24.542435
24.5871388888889
24.542435
24.4083233333333
24.4083233333333
24.4977311111111
24.6318427777778
24.8106583333333
24.9000661111111
25.0788816666667
25.1682894444444
25.3024011111111
25.347105
25.347105
25.2576972222222
25.2576972222222
25.2576972222222
25.2576972222222
25.2576972222222
25.2576972222222
25.2129933333333
25.0788816666667
24.94477
24.6318427777778
24.4083233333333
24.2295077777778
24.1401
24.0059883333333
23.9612844444444
24.0953961111111
24.1401
24.1848038888889
24.1848038888889
24.0506922222222
23.8718766666667
23.6930611111111
23.5142455555556
23.2907261111111
23.4248377777778
23.2460222222222
23.2013183333333
23.1119105555556
23.0225027777778
23.0672066666667
23.1566144444444
23.2907261111111
23.4695416666667
23.6930611111111
23.9165805555556
24.1401
24.542435
24.7659544444444
24.8553622222222
25.0341777777778
25.0341777777778
24.94477
24.6765466666667
24.3636194444444
23.9612844444444
23.4695416666667
23.0225027777778
23.0225027777778
23.0225027777778
22.8436872222222
22.3966483333333
22.3519444444444
22.3966483333333
22.3519444444444
22.1731288888889
22.128425
22.128425
22.128425
21.9496094444444
21.72609
21.5025705555556
21.1002355555556
20.6084927777778
20.11675
19.5803033333333
19.0438566666667
18.5521138888889
18.0156672222222
17.2109972222222
16.5404388888889
15.7357688888889
15.1099144444444
14.5287638888889
14.081725
13.67939
13.6346861111111
13.4111666666667
12.9641277777778
12.2935694444444
11.0865644444444
9.61133611111111
8.98548166666667
8.53844277777778
8.27021944444444
7.59966111111111
6.92910277777778
5.58798611111111
4.82802
3.57631111111111
2.10108277777778
0.625854444444444
0
0
0
0
0
0
0
0
0
0
0
0
0
0
0.447038888888889
1.92226722222222
3.39749555555556
4.87272388888889
6.34795222222222
7.73377277777778
8.94077777777778
10.058375
10.5948216666667
11.26538
11.8912344444444
12.5617927777778
13.4111666666667
13.7687977777778
14.1264288888889
14.3499483333333
14.6628755555556
15.0205066666667
15.4228416666667
15.4675455555556
15.6016572222222
15.5569533333333
15.4228416666667
15.5122494444444
15.8698805555556
16.0934
16.0934
16.0934
16.0934
16.0934
16.0934
16.1381038888889
16.2722155555556
16.3169194444444
16.2722155555556
16.0934
15.691065
15.2440261111111
14.9758027777778
14.0370211111111
12.9641277777778
11.4888994444444
10.2818944444444
9.07488944444444
7.82318055555556
6.48206388888889
5.36446666666667
3.88923833333333
2.41401
0.938781666666667
0
0
0
0
0
0
1.16230111111111
2.63752944444444
4.11275777777778
5.58798611111111
7.06321444444444
8.53844277777778
10.0136711111111
11.1759722222222
11.4441955555556
12.2935694444444
12.9641277777778
13.4111666666667
13.4558705555556
13.4111666666667
13.277055
13.0982394444444
12.87472
12.5170888888889
11.1759722222222
9.70074388888889
8.22551555555556
6.75028722222222
5.27505888888889
3.79983055555556
2.32460222222222
0.849373888888889
0
0
0
0
0
0
0
0
0
0
0
0
0
0
0
0
0
0
0
1.47522833333333
2.95045666666667
4.425685
5.90091333333333
7.37614166666667
8.85137
10.3265983333333
11.8018266666667
12.4276811111111
13.0088316666667
14.081725
14.7522833333333
15.0205066666667
15.5569533333333
15.691065
15.9145844444444
16.1381038888889
16.0934
16.1381038888889
16.1828077777778
16.0934
15.9592883333333
16.0934
16.0934
15.9145844444444
15.8698805555556
15.8251766666667
15.7357688888889
15.7357688888889
15.7357688888889
15.7357688888889
15.7357688888889
15.7357688888889
15.6463611111111
15.691065
15.7357688888889
15.8698805555556
15.7357688888889
15.6463611111111
15.6463611111111
15.6463611111111
15.5569533333333
15.4675455555556
15.4228416666667
14.9758027777778
14.3052444444444
13.4558705555556
12.5170888888889
11.3994916666667
10.058375
8.85137
7.37614166666667
5.90091333333333
4.60450055555556
3.21868
1.78815555555556
0.447038888888889
0
0
0
0
0
0
0.536446666666667
1.56463611111111
2.45871388888889
2.90575277777778
3.79983055555556
4.29157333333333
4.69390833333333
5.31976277777778
6.25854444444444
7.15262222222222
7.91258833333333
8.49373888888889
8.98548166666667
9.38781666666667
9.83485555555555
10.2818944444444
10.6395255555556
10.9524527777778
11.1312683333333
11.1759722222222
11.1759722222222
11.1759722222222
11.1759722222222
11.1759722222222
11.1759722222222
11.4441955555556
11.5336033333333
11.6230111111111
11.4441955555556
11.26538
11.1759722222222
11.1759722222222
11.1759722222222
10.9077488888889
10.3265983333333
8.85137
7.37614166666667
5.90091333333333
4.425685
2.95045666666667
1.47522833333333
0
0
0
0
0
0
0
0
0
0
0
0
0
0
0
0
0
1.47522833333333
2.95045666666667
4.425685
5.81150555555556
6.52676777777778
7.15262222222222
7.59966111111111
7.59966111111111
7.59966111111111
7.82318055555556
7.91258833333333
7.91258833333333
7.82318055555556
7.59966111111111
7.55495722222222
7.42084555555556
7.59966111111111
7.644365
7.59966111111111
7.42084555555556
7.37614166666667
7.37614166666667
7.42084555555556
7.59966111111111
7.86788444444444
8.27021944444444
8.58314666666667
9.03018555555555
9.38781666666667
9.43252055555556
9.47722444444444
9.65604
9.83485555555555
10.0136711111111
10.058375
10.058375
10.058375
10.1477827777778
10.5948216666667
11.2206761111111
11.6230111111111
11.8465305555556
12.07005
11.667715
10.1924866666667
8.71725833333333
7.24203
5.76680166666667
4.29157333333333
2.816345
1.34111666666667
0
0
0
0
0
0
0
0
0
0
0
0
0
0
0
0
0
0
0
0
0
0
0
0
0
0
0.894077777777778
2.011675
3.48690333333333
4.55979666666667
5.58798611111111
6.25854444444444
6.839695
7.82318055555556
8.76196222222222
9.38781666666667
9.92426333333333
10.4160061111111
10.9524527777778
11.3100838888889
11.4441955555556
11.6230111111111
11.667715
11.7124188888889
11.7124188888889
11.8018266666667
11.8465305555556
11.8465305555556
11.6230111111111
11.3994916666667
10.5501177777778
9.56663222222222
8.27021944444444
7.33143777777778
6.48206388888889
5.18565111111111
3.88923833333333
2.59282555555556
1.56463611111111
0.894077777777778
0
0
0
0
0
0
0
0
0
0
0
0
0
0
0.625854444444444
1.47522833333333
1.96697111111111
2.90575277777778
4.11275777777778
5.05153944444444
6.035025
6.52676777777778
7.33143777777778
7.46554944444444
7.37614166666667
7.37614166666667
8.13610777777778
8.58314666666667
8.98548166666667
9.61133611111111
10.058375
10.058375
9.87955944444444
10.1477827777778
10.4160061111111
10.5054138888889
10.058375
9.65604
9.16429722222222
8.0467
6.70558333333333
5.36446666666667
4.02335
2.77164111111111
2.011675
1.34111666666667
0.938781666666667
0.223519444444444
0.223519444444444
1.43052444444444
2.90575277777778
4.29157333333333
5.58798611111111
6.25854444444444
7.15262222222222
8.0467
8.76196222222222
9.61133611111111
10.3265983333333
10.9524527777778
11.3994916666667
11.8465305555556
12.1147538888889
12.3382733333333
12.472385
12.6512005555556
12.7853122222222
12.7853122222222
12.6512005555556
12.6064966666667
12.5170888888889
12.2935694444444
11.9806422222222
11.3994916666667
10.5054138888889
9.61133611111111
8.49373888888889
7.37614166666667
6.66087944444444
5.58798611111111
4.20216555555556
2.77164111111111
1.34111666666667
0.670558333333333
0.670558333333333
0.223519444444444
0
1.34111666666667
2.816345
4.29157333333333
5.76680166666667
7.06321444444444
7.82318055555556
8.22551555555556
8.71725833333333
9.253705
9.83485555555555
10.3713022222222
11.1759722222222
11.8465305555556
12.2935694444444
12.5170888888889
12.6512005555556
12.9194238888889
12.9194238888889
12.9194238888889
12.87472
12.7406083333333
12.6512005555556
12.6512005555556
12.6512005555556
12.6064966666667
12.3382733333333
12.2935694444444
12.2935694444444
12.2935694444444
12.2935694444444
12.2935694444444
12.2935694444444
12.3382733333333
12.5170888888889
12.7406083333333
13.4111666666667
13.8582055555556
14.3052444444444
14.7522833333333
14.7522833333333
15.0205066666667
15.1993222222222
15.3334338888889
15.28873
15.1993222222222
15.1993222222222
15.1546183333333
15.0205066666667
14.7969872222222
14.7522833333333
14.5287638888889
14.3052444444444
14.2605405555556
14.1264288888889
14.081725
13.67939
13.4111666666667
13.3664627777778
13.3664627777778
13.3664627777778
13.3664627777778
13.2323511111111
13.1876472222222
13.1876472222222
13.0982394444444
12.9194238888889
12.6064966666667
12.3829772222222
12.07005
11.3994916666667
10.5948216666667
9.83485555555555
9.16429722222222
8.58314666666667
8.58314666666667
8.98548166666667
9.34311277777778
9.56663222222222
9.83485555555555
10.1030788888889
10.3713022222222
10.7289333333333
11.1759722222222
11.6230111111111
11.8912344444444
11.8912344444444
11.9806422222222
12.07005
12.1594577777778
12.4276811111111
12.5617927777778
12.87472
12.9194238888889
12.9641277777778
13.0088316666667
12.9641277777778
12.5617927777778
12.2935694444444
12.07005
11.5336033333333
11.1759722222222
10.9524527777778
11.0865644444444
11.2206761111111
11.3994916666667
11.4888994444444
11.7124188888889
12.0253461111111
12.2935694444444
12.4276811111111
12.6959044444444
12.9641277777778
13.0535355555556
13.0088316666667
12.9641277777778
12.9194238888889
12.7406083333333
12.5617927777778
12.5170888888889
12.5170888888889
12.3382733333333
12.1594577777778
11.8912344444444
12.07005
12.2935694444444
12.4276811111111
12.5170888888889
12.4276811111111
12.5170888888889
12.5170888888889
12.5170888888889
12.3829772222222
12.2488655555556
12.0253461111111
11.8912344444444
11.8465305555556
11.8465305555556
11.8465305555556
11.7571227777778
11.7124188888889
11.7124188888889
11.5783072222222
11.4441955555556
11.4441955555556
11.5783072222222
11.5336033333333
11.3994916666667
10.9971566666667
10.5054138888889
9.92426333333333
9.65604
9.65604
9.70074388888889
10.1030788888889
10.46071
10.7289333333333
10.8183411111111
10.9077488888889
11.1312683333333
11.2206761111111
11.26538
11.3100838888889
11.3994916666667
11.26538
11.1759722222222
11.1759722222222
11.1759722222222
11.0418605555556
10.9524527777778
10.863045
10.863045
10.9524527777778
11.1759722222222
11.1759722222222
10.9971566666667
10.9971566666667
10.7736372222222
10.9524527777778
11.2206761111111
11.4441955555556
11.2206761111111
10.7289333333333
9.83485555555555
8.98548166666667
7.55495722222222
6.07972888888889
4.60450055555556
3.12927222222222
1.65404388888889
0.178815555555556
0
0
0
0.894077777777778
2.36930611111111
3.84453444444444
5.31976277777778
6.79499111111111
7.82318055555556
8.31492333333333
8.94077777777778
9.43252055555556
9.83485555555555
10.2818944444444
10.9524527777778
11.7571227777778
12.2935694444444
12.5617927777778
12.6959044444444
12.7406083333333
12.7406083333333
12.7406083333333
12.3829772222222
12.2935694444444
12.1594577777778
11.9806422222222
11.8465305555556
11.6230111111111
11.4888994444444
11.26538
10.7289333333333
9.83485555555555
9.61133611111111
9.61133611111111
9.74544777777778
10.058375
10.2818944444444
10.1924866666667
10.1924866666667
10.2818944444444
10.1477827777778
10.1477827777778
10.1477827777778
10.5054138888889
10.7289333333333
10.9971566666667
11.0865644444444
11.2206761111111
11.3994916666667
11.4441955555556
11.3994916666667
11.1759722222222
10.7736372222222
10.5948216666667
10.3713022222222
10.2371905555556
10.058375
9.83485555555555
9.65604
9.16429722222222
7.82318055555556
6.34795222222222
4.87272388888889
3.39749555555556
1.92226722222222
0.447038888888889
0
0
0
0
0
0
0
0
0
0
0
0
0
0
0
0
0
0
0
0
0
0
0
0
0
0
0
0
0
0
0.536446666666667
1.78815555555556
3.26338388888889
4.73861222222222
6.21384055555556
7.59966111111111
8.27021944444444
8.94077777777778
9.74544777777778
10.2818944444444
10.7289333333333
11.0865644444444
11.4441955555556
11.8465305555556
11.9806422222222
12.2488655555556
12.472385
12.6512005555556
12.5170888888889
12.2935694444444
12.07005
12.07005
11.7571227777778
10.9524527777778
10.058375
9.61133611111111
9.20900111111111
8.0467
6.70558333333333
5.49857833333333
4.96213166666667
4.73861222222222
4.47038888888889
4.24686944444444
4.06805388888889
3.88923833333333
3.84453444444444
3.93394222222222
4.02335
3.88923833333333
3.84453444444444
3.57631111111111
3.12927222222222
2.23519444444444
1.87756333333333
1.16230111111111
0.447038888888889
0
0.0447038888888889
0.268223333333333
0.715262222222222
1.60934
3.08456833333333
4.47038888888889
5.72209777777778
6.25854444444444
6.48206388888889
7.15262222222222
8.09140388888889
8.94077777777778
9.38781666666667
9.47722444444444
9.52192833333333
9.56663222222222
9.70074388888889
10.058375
10.2818944444444
10.6395255555556
10.9524527777778
11.1759722222222
11.1312683333333
11.0865644444444
11.1759722222222
11.3547877777778
11.5336033333333
11.6230111111111
11.8018266666667
11.8912344444444
12.0253461111111
12.07005
12.07005
12.07005
12.0253461111111
11.9806422222222
11.9806422222222
11.8465305555556
11.8018266666667
11.6230111111111
11.3994916666667
10.9971566666667
10.5054138888889
9.61133611111111
8.94077777777778
7.82318055555556
7.15262222222222
6.25854444444444
4.78331611111111
3.30808777777778
1.83285944444444
0.357631111111111
0
0
0
0
0
0
0
0
0
0
0
0
0
0
0
0
0.938781666666667
2.41401
3.88923833333333
5.36446666666667
6.839695
8.31492333333333
9.43252055555556
10.2818944444444
10.5054138888889
10.2818944444444
10.058375
8.94077777777778
7.46554944444444
5.99032111111111
4.51509277777778
3.03986444444444
1.56463611111111
0.0894077777777778
0
0
0
0
0
0
0
0
0
0
0.0894077777777778
0.670558333333333
1.56463611111111
2.90575277777778
4.38098111111111
5.36446666666667
5.76680166666667
5.81150555555556
5.63269
5.72209777777778
5.85620944444444
5.85620944444444
6.25854444444444
6.92910277777778
7.59966111111111
8.31492333333333
8.80666611111111
9.38781666666667
9.61133611111111
9.74544777777778
9.74544777777778
9.61133611111111
9.47722444444444
9.61133611111111
9.74544777777778
9.83485555555555
9.79015166666667
9.70074388888889
9.61133611111111
9.61133611111111
9.56663222222222
8.98548166666667
8.71725833333333
8.58314666666667
8.76196222222222
8.85137
8.94077777777778
8.71725833333333
7.82318055555556
6.92910277777778
5.81150555555556
4.47038888888889
3.57631111111111
2.68223333333333
1.78815555555556
1.11759722222222
0.312927222222222
0
0
0
0
0
0
0
0
0.447038888888889
0.447038888888889
0.447038888888889
0.447038888888889
0.447038888888889
0.715262222222222
1.34111666666667
1.78815555555556
2.23519444444444
2.816345
3.57631111111111
4.47038888888889
4.69390833333333
4.24686944444444
3.79983055555556
3.39749555555556
3.93394222222222
4.91742777777778
6.25854444444444
7.59966111111111
8.71725833333333
9.38781666666667
9.74544777777778
9.92426333333333
10.2818944444444
10.5501177777778
10.7736372222222
10.9524527777778
10.9524527777778
10.7289333333333
10.5054138888889
10.5054138888889
10.5054138888889
10.5054138888889
10.5054138888889
10.5054138888889
10.7289333333333
10.7736372222222
10.9524527777778
11.0418605555556
11.1759722222222
11.3547877777778
11.4441955555556
11.4888994444444
11.6230111111111
11.7124188888889
12.07005
12.4276811111111
12.6512005555556
12.9641277777778
13.0088316666667
12.9641277777778
12.5170888888889
11.0418605555556
9.56663222222222
8.09140388888889
6.61617555555556
5.14094722222222
3.66571888888889
2.19049055555556
0.715262222222222
0
0
0
0
0
0
0
0
0
0
0
0
0
0
0
0
0
0
0
0
0
0
0
0
0
0.670558333333333
2.14578666666667
3.621015
5.09624333333333
5.90091333333333
6.75028722222222
7.51025333333333
8.18081166666667
8.71725833333333
9.07488944444444
9.52192833333333
9.79015166666667
9.87955944444444
10.0136711111111
9.83485555555555
9.65604
9.43252055555556
9.16429722222222
8.94077777777778
8.76196222222222
8.27021944444444
7.82318055555556
7.37614166666667
6.92910277777778
6.25854444444444
4.91742777777778
3.57631111111111
2.32460222222222
1.11759722222222
0
0
0
